584076330031644689
1313949148067790888
1272776919200563242
995993484798480424
235148962103951360
294882584201003009
1429899144964870174
159985870458322944
1325579039888511056
784195278374436944
994622572547285052
354595935374016515
868387427641876481
1289160883003461686
1400419468118724653
1325375264401784855
1371885982034563336
1454773538585182230
894065547149471775
754815301354258472
1256959324744319088
1005885320883089488
1450495185417932962
998341450515370135
1377095219467780169
1335216008146976809
1165978335269109771
1418213373266497669
999996685222674443
1417028754823446588
1079133723506769930
531331670444343307
1285936533777682533
1065717573716541561
1189932711167660045
1401817440916340940
1130027306686087248
1296778976693452831
1284507799027585044
1105724895117197402
1395222690197147698
993962217550663771
1243751534789922908
1343724553045540926
1444543469510066186
1446567931151650982
943864586396917831
1222575261736763562
1182272690086756413
1450841294405373972
1416533066905813114
1249023430184009909
865370418893291520
1019940034440339528
1397977033354772641
735978178295758958
1096205443413573754
1404474005913735355
1273606033498964012
1044016047646314566
1311769940076003374
1122650731455979562
1325723520185008140
1308142140425113671
1438474974951378985
1239088804128882704
1455259877084631101
1024876566305583155
803231897965690893
1243040981503311975
1258844966067900486
1332511967138676851
1450456166000885905
1097887034527453266
1200415082979541024
1228024229656658043
980863697788489728
710142295797661850
1450509916212170793
1214566135907876866
896720107156410368
1418017823078350929
860826247672102943
1431445659134857236
1363163409927114824
1439175597199855656
1327930074988810252
359378817652883456
716166836949090354
823452945106337822
1363827631883161602
863850159825354782
1378391011000058007
1401745346647818280
1253809827319124108
426774188045631489
841945606519128074
1346000812782125107
974823189240762438
1246380083711840338
1188027892161052682
1418919974667423858
1298719849555562657
1195855556095787051
1151974129495461898
1238094346256125994
1116238261866741812
1455359355561050305
1147588091268313229
952125700180148264
1450261265128882227
1311416237749698590
918815741325758514
1279414897200857229
1042039436684308531
1431939422559010876
801978847897583628
1340678248828370977
